Time	MS (m)	MS (m/s)	MS (m/s^2)	MU (m)	MU (m/s)	MU (m/s^2)	Road (m)	PosX (m)	SpeedX (m/s)	Other PosX (m)	
0	0	0	0	0	0	0	0	0	0	0	
0.001	0	0	0	0	0	0	0	0.001	0.101136	0	
0.002	0	0	0	0	0	0	0	0.002	0.202272	0	
0.003	0	0	0	0	0	0	0	0.003	0.303407	0	
0.004	0	0	0	0	0	0	0	0.004	0.404543	0	
0.005	0	0	0	0	0	0	0	0.005	0.505679	0	
0.006	0	0	0	0	0	0	0	0.006	0.606815	0	
0.007	0	0	0	0	0	0	0	0.007	0.70795	0	
0.008	0	0	0	0	0	0	0	0.008	0.809086	0	
0.009	0	0	0	0	0	0	0	0.009	0.910222	0	
0.01	0	0	0	0	0	0	0	0.01	1	0	
0.011	0	0	0	0	0	0	0	0.011	1	0	
0.012	0	0	0	0	0	0	0	0.012	1	0	
0.013	0	0	0	0	0	0	0	0.013	1	0	
0.014	0	0	0	0	0	0	0	0.014	1	0	
0.015	0	0	0	0	0	0	0	0.015	1	0	
0.016	0	0	0	0	0	0	0	0.016	1	0	
0.017	0	0	0	0	0	0	0	0.017	1	0	
0.018	0	0	0	0	0	0	0	0.018	1	0	
0.019	0	0	0	0	0	0	0	0.019	1	0	
0.02	0	0	0	0	0	0	0	0.02	1	0	
0.021	0	0	0	0	0	0	0	0.021	1	0	
0.022	0	0	0	0	0	0	0	0.022	1	0	
0.023	0	0	0	0	0	0	0	0.023	1	0	
0.024	0	0	0	0	0	0	0	0.024	1	0	
0.025	0	0	0	0	0	0	0	0.025	1	0	
0.026	0	0	0	0	0	0	0	0.026	1	0	
0.027	0	0	0	0	0	0	0	0.027	1	0	
0.028	0	0	0	0	0	0	0	0.028	1	0	
0.029	0	0	0	0	0	0	0	0.029	1	0	
0.03	0	0	0	0	0	0	0	0.03	1	0	
0.031	0	0	0	0	0	0	0	0.031	1	0	
0.032	0	0	0	0	0	0	0	0.032	1	0	
0.033	0	0	0	0	0	0	0	0.033	1	0	
0.034	0	0	0	0	0	0	0	0.034	1	0	
0.035	0	0	0	0	0	0	0	0.035	1	0	
0.036	0	0	0	0	0	0	0	0.036	1	0	
0.037	0	0	0	0	0	0	0	0.037	1	0	
0.038	0	0	0	0	0	0	0	0.038	1	0	
0.039	0	0	0	0	0	0	0	0.039	1	0	
0.04	0	0	0	0	0	0	0	0.04	1	0	
0.041	0	0	0	0	0	0	0	0.041	1	0	
0.042	0	0	0	0	0	0	0	0.042	1	0	
0.043	0	0	0	0	0	0	0	0.043	1	0	
0.044	0	0	0	0	0	0	0	0.044	1	0	
0.045	0	0	0	0	0	0	0	0.045	1	0	
0.046	0	0	0	0	0	0	0	0.046	1	0	
0.047	0	0	0	0	0	0	0	0.047	1	0	
0.048	0	0	0	0	0	0	0	0.048	1	0	
0.049	0	0	0	0	0	0	0	0.049	1	0	
0.05	0	0	0	0	0	0	0	0.05	1	0	
0.051	0	0	0	0	0	0	0	0.051	1	0	
0.052	0	0	0	0	0	0	0	0.052	1	0	
0.053	0	0	0	0	0	0	0	0.053	1	0	
0.054	0	0	0	0	0	0	0	0.054	1	0	
0.055	0	0	0	0	0	0	0	0.055	1	0	
0.056	0	0	0	0	0	0	0	0.056	1	0	
0.057	0	0	0	0	0	0	0	0.057	1	0	
0.058	0	0	0	0	0	0	0	0.058	1	0	
0.059	0	0	0	0	0	0	0	0.059	1	0	
0.06	0	0	0	0	0	0	0	0.06	1	0	
0.061	0	0	0	0	0	0	0	0.061	1	0	
0.062	0	0	0	0	0	0	0	0.062	1	0	
0.0629999	0	0	0	0	0	0	0	0.063	1	0	
0.064	0	0	0	0	0	0	0	0.064	1	0	
0.065	0	0	0	0	0	0	0	0.065	1	0	
0.066	0	0	0	0	0	0	0	0.066	1	0	
0.067	0	0	0	0	0	0	0	0.067	1	0	
0.068	0	0	0	0	0	0	0	0.068	1	0	
0.069	0	0	0	0	0	0	0	0.069	1	0	
0.07	0	0	0	0	0	0	0	0.07	1	0	
0.071	0	0	0	0	0	0	0	0.071	1	0	
0.072	0	0	0	0	0	0	0	0.072	1	0	
0.073	0	0	0	0	0	0	0	0.073	1	0	
0.074	0	0	0	0	0	0	0	0.074	1	0	
0.075	0	0	0	0	0	0	0	0.075	1	0	
0.076	0	0	0	0	0	0	0	0.076	1	0	
0.077	0	0	0	0	0	0	0	0.077	1	0	
0.078	0	0	0	0	0	0	0	0.078	1	0	
0.079	0	0	0	0	0	0	0	0.079	1	0	
0.08	0	0	0	0	0	0	0	0.08	1	0	
0.081	0	0	0	0	0	0	0	0.081	1	0	
0.082	0	0	0	0	0	0	0	0.082	1	0	
0.083	0	0	0	0	0	0	0	0.083	1	0	
0.084	0	0	0	0	0	0	0	0.084	1	0	
0.085	0	0	0	0	0	0	0	0.085	1	0	
0.086	0	0	0	0	0	0	0	0.086	1	0	
0.087	0	0	0	0	0	0	0	0.087	1	0	
0.088	0	0	0	0	0	0	0	0.088	1	0	
0.089	0	0	0	0	0	0	0	0.089	1	0	
0.09	0	0	0	0	0	0	0	0.09	1	0	
0.091	0	0	0	0	0	0	0	0.091	1	0	
0.092	0	0	0	0	0	0	0	0.092	1	0	
0.093	0	0	0	0	0	0	0	0.093	1	0	
0.094	0	0	0	0	0	0	0	0.094	1	0	
0.095	0	0	0	0	0	0	0	0.095	1	0	
0.096	0	0	0	0	0	0	0	0.096	1	0	
0.097	0	0	0	0	0	0	0	0.097	1	0	
0.098	0	0	0	0	0	0	0	0.098	1	0	
0.099	0	0	0	0	0	0	0	0.099	1	0	
0.1	0	0	0	0	0	0	0	0.1	1	0	
0.101	0	0	0	0	0	0	0	0.101	1	0	
0.102	0	0	0	0	0	0	0	0.102	1	0	
0.103	0	0	0	0	0	0	0	0.103	1	0	
0.104	0	0	0	0	0	0	0	0.104	1	0	
0.105	0	0	0	0	0	0	0	0.105	1	0	
0.106	0	0	0	0	0	0	0	0.106	1	0	
0.107	0	0	0	0	0	0	0	0.107	1	0	
0.108	0	0	0	0	0	0	0	0.108	1	0	
0.109	0	0	0	0	0	0	0	0.109	1	0	
0.11	0	0	0	0	0	0	0	0.11	1	0	
0.111	0	0	0	0	0	0	0	0.111	1	0	
0.112	0	0	0	0	0	0	0	0.112	1	0	
0.113	0	0	0	0	0	0	0	0.113	1	0	
0.114	0	0	0	0	0	0	0	0.114	1	0	
0.115	0	0	0	0	0	0	0	0.115	1	0	
0.116	0	0	0	0	0	0	0	0.116	1	0	
0.117	0	0	0	0	0	0	0	0.117	1	0	
0.118	0	0	0	0	0	0	0	0.118	1	0	
0.119	0	0	0	0	0	0	0	0.119	1	0	
0.12	0	0	0	0	0	0	0	0.12	1	0	
0.121	0	0	0	0	0	0	0	0.121	1	0	
0.122	0	0	0	0	0	0	0	0.122	1	0	
0.123	0	0	0	0	0	0	0	0.123	1	0	
0.124	0	0	0	0	0	0	0	0.124	1	0	
0.125	0	0	0	0	0	0	0	0.125	1	0	
0.126	0	0	0	0	0	0	0	0.126	1	0	
0.127	0	0	0	0	0	0	0	0.127	1	0	
0.128	0	0	0	0	0	0	0	0.128	1	0	
0.129	0	0	0	0	0	0	0	0.129	1	0	
0.13	0	0	0	0	0	0	0	0.13	1	0	
0.131	0	0	0	0	0	0	0	0.131	1	0	
0.132	0	0	0	0	0	0	0	0.132	1	0	
0.133	0	0	0	0	0	0	0	0.133	1	0	
0.134	0	0	0	0	0	0	0	0.134	1	0	
0.135	0	0	0	0	0	0	0	0.135	1	0	
0.136	0	0	0	0	0	0	0	0.136	1	0	
0.137	0	0	0	0	0	0	0	0.137	1	0	
0.138	0	0	0	0	0	0	0	0.138	1	0	
0.139	0	0	0	0	0	0	0	0.139	1	0	
0.14	0	0	0	0	0	0	0	0.14	1	0	
0.141	0	0	0	0	0	0	0	0.141	1	0	
0.142	0	0	0	0	0	0	0	0.142	1	0	
0.143	0	0	0	0	0	0	0	0.143	1	0	
0.144	0	0	0	0	0	0	0	0.144	1	0	
0.145	0	0	0	0	0	0	0	0.145	1	0	
0.146	0	0	0	0	0	0	0	0.146	1	0	
0.147	0	0	0	0	0	0	0	0.147	1	0	
0.148	0	0	0	0	0	0	0	0.148	1	0	
0.149	0	0	0	0	0	0	0	0.149	1	0	
0.15	0	0	0	0	0	0	0	0.15	1	0	
0.151	0	0	0	0	0	0	0	0.151	1	0	
0.152	0	0	0	0	0	0	0	0.152	1	0	
0.153	0	0	0	0	0	0	0	0.153	1	0	
0.154	0	0	0	0	0	0	0	0.154	1	0	
0.155	0	0	0	0	0	0	0	0.155	1	0	
0.156	0	0	0	0	0	0	0	0.156	1	0	
0.157	0	0	0	0	0	0	0	0.157	1	0	
0.158	0	0	0	0	0	0	0	0.158	1	0	
0.159	0	0	0	0	0	0	0	0.159	1	0	
0.16	0	0	0	0	0	0	0	0.16	1	0	
0.161	0	0	0	0	0	0	0	0.161	1	0	
0.162	0	0	0	0	0	0	0	0.162	1	0	
0.163	0	0	0	0	0	0	0	0.163	1	0	
0.164	0	0	0	0	0	0	0	0.164	1	0	
0.165	0	0	0	0	0	0	0	0.165	1	0	
0.166	0	0	0	0	0	0	0	0.166	1	0	
0.167	0	0	0	0	0	0	0	0.167	1	0	
0.168	0	0	0	0	0	0	0	0.168	1	0	
0.169	0	0	0	0	0	0	0	0.169	1	0	
0.17	0	0	0	0	0	0	0	0.17	1	0	
0.171	0	0	0	0	0	0	0	0.171	1	0	
0.172	0	0	0	0	0	0	0	0.172	1	0	
0.173	0	0	0	0	0	0	0	0.173	1	0	
0.174	0	0	0	0	0	0	0	0.174	1	0	
0.175	0	0	0	0	0	0	0	0.175	1	0	
0.176	0	0	0	0	0	0	0	0.176	1	0	
0.177	0	0	0	0	0	0	0	0.177	1	0	
0.178	0	0	0	0	0	0	0	0.178	1	0	
0.179	0	0	0	0	0	0	0	0.179	1	0	
0.18	0	0	0	0	0	0	0	0.18	1	0	
0.181	0	0	0	0	0	0	0	0.181	1	0	
0.182	0	0	0	0	0	0	0	0.182	1	0	
0.183	0	0	0	0	0	0	0	0.183	1	0	
0.184	0	0	0	0	0	0	0	0.184	1	0	
0.185	0	0	0	0	0	0	0	0.185	1	0	
0.186	0	0	0	0	0	0	0	0.186	1	0	
0.187	0	0	0	0	0	0	0	0.187	1	0	
0.188	0	0	0	0	0	0	0	0.188	1	0	
0.189	0	0	0	0	0	0	0	0.189	1	0	
0.19	0	0	0	0	0	0	0	0.19	1	0	
0.191	0	0	0	0	0	0	0	0.191	1	0	
0.192	0	0	0	0	0	0	0	0.192	1	0	
0.193	0	0	0	0	0	0	0	0.193	1	0	
0.194	0	0	0	0	0	0	0	0.194	1	0	
0.195	0	0	0	0	0	0	0	0.195	1	0	
0.196	0	0	0	0	0	0	0	0.196	1	0	
0.197	0	0	0	0	0	0	0	0.197	1	0	
0.198	0	0	0	0	0	0	0	0.198	1	0	
0.199	0	0	0	0	0	0	0	0.199	1	0	
0.2	0	0	0	0	0	0	0	0.2	1	0	
0.201	0	0	0	0	0	0	0	0.201	1	0	
0.202	0	0	0	0	0	0	0	0.202	1	0	
0.203	0	0	0	0	0	0	0	0.203	1	0	
0.204	0	0	0	0	0	0	0	0.204	1	0	
0.205	0	0	0	0	0	0	0	0.205	1	0	
0.206	0	0	0	0	0	0	0	0.206	1	0	
0.207	0	0	0	0	0	0	0	0.207	1	0	
0.208	0	0	0	0	0	0	0	0.208	1	0	
0.209	0	0	0	0	0	0	0	0.209	1	0	
0.21	0	0	0	0	0	0	0	0.21	1	0	
0.211	0	0	0	0	0	0	0	0.211	1	0	
0.212	0	0	0	0	0	0	0	0.212	1	0	
0.213	0	0	0	0	0	0	0	0.213	1	0	
0.214	0	0	0	0	0	0	0	0.214	1	0	
0.215	0	0	0	0	0	0	0	0.215	1	0	
0.216	0	0	0	0	0	0	0	0.216	1	0	
0.217	0	0	0	0	0	0	0	0.217	1	0	
0.218	0	0	0	0	0	0	0	0.218	1	0	
0.219	0	0	0	0	0	0	0	0.219	1	0	
0.22	0	0	0	0	0	0	0	0.22	1	0	
0.221	0	0	0	0	0	0	0	0.221	1	0	
0.222	0	0	0	0	0	0	0	0.222	1	0	
0.223	0	0	0	0	0	0	0	0.223	1	0	
0.224	0	0	0	0	0	0	0	0.224	1	0	
0.225	0	0	0	0	0	0	0	0.225	1	0	
0.226	0	0	0	0	0	0	0	0.226	1	0	
0.227	0	0	0	0	0	0	0	0.227	1	0	
0.228	0	0	0	0	0	0	0	0.228	1	0	
0.229	0	0	0	0	0	0	0	0.229	1	0	
0.23	0	0	0	0	0	0	0	0.23	1	0	
0.231	0	0	0	0	0	0	0	0.231	1	0	
0.232	0	0	0	0	0	0	0	0.232	1	0	
0.233	0	0	0	0	0	0	0	0.233	1	0	
0.234	0	0	0	0	0	0	0	0.234	1	0	
0.235	0	0	0	0	0	0	0	0.235	1	0	
0.236	0	0	0	0	0	0	0	0.236	1	0	
0.237	0	0	0	0	0	0	0	0.237	1	0	
0.238	0	0	0	0	0	0	0	0.238	1	0	
0.239	0	0	0	0	0	0	0	0.239	1	0	
0.24	0	0	0	0	0	0	0	0.24	1	0	
0.241	0	0	0	0	0	0	0	0.241	1	0	
0.242	0	0	0	0	0	0	0	0.242	1	0	
0.243	0	0	0	0	0	0	0	0.243	1	0	
0.244	0	0	0	0	0	0	0	0.244	1	0	
0.245	0	0	0	0	0	0	0	0.245	1	0	
0.246	0	0	0	0	0	0	0	0.246	1	0	
0.247	0	0	0	0	0	0	0	0.247	1	0	
0.248	0	0	0	0	0	0	0	0.248	1	0	
0.249	0	0	0	0	0	0	0	0.249	1	0	
0.25	0	0	0	0	0	0	0	0.25	1	0	
0.251	0	0	0	0	0	0	0	0.251	1	0	
0.252	0	0	0	0	0	0	0	0.252	1	0	
0.253	0	0	0	0	0	0	0	0.253	1	0	
0.254	0	0	0	0	0	0	0	0.254	1	0	
0.255	0	0	0	0	0	0	0	0.255	1	0	
0.256	0	0	0	0	0	0	0	0.256	1	0	
0.257	0	0	0	0	0	0	0	0.257	1	0	
0.258	0	0	0	0	0	0	0	0.258	1	0	
0.259	0	0	0	0	0	0	0	0.259	1	0	
0.26	0	0	0	0	0	0	0	0.26	1	0	
0.261	0	0	0	0	0	0	0	0.261	1	0	
0.262	0	0	0	0	0	0	0	0.262	1	0	
0.263	0	0	0	0	0	0	0	0.263	1	0	
0.264	0	0	0	0	0	0	0	0.264	1	0	
0.265	0	0	0	0	0	0	0	0.265	1	0	
0.266	0	0	0	0	0	0	0	0.266	1	0	
0.267	0	0	0	0	0	0	0	0.267	1	0	
0.268	0	0	0	0	0	0	0	0.268	1	0	
0.269	0	0	0	0	0	0	0	0.269	1	0	
0.27	0	0	0	0	0	0	0	0.27	1	0	
0.271	0	0	0	0	0	0	0	0.271	1	0	
0.272	0	0	0	0	0	0	0	0.272	1	0	
0.273	0	0	0	0	0	0	0	0.273	1	0	
0.274	0	0	0	0	0	0	0	0.274	1	0	
0.275	0	0	0	0	0	0	0	0.275	1	0	
0.276	0	0	0	0	0	0	0	0.276	1	0	
0.277	0	0	0	0	0	0	0	0.277	1	0	
0.278	0	0	0	0	0	0	0	0.278	1	0	
0.279	0	0	0	0	0	0	0	0.279	1	0	
0.28	0	0	0	0	0	0	0	0.28	1	0	
0.281	0	0	0	0	0	0	0	0.281	1	0	
0.282	0	0	0	0	0	0	0	0.282	1	0	
0.283	0	0	0	0	0	0	0	0.283	1	0	
0.284	0	0	0	0	0	0	0	0.284	1	0	
0.285	0	0	0	0	0	0	0	0.285	1	0	
0.286	0	0	0	0	0	0	0	0.286	1	0	
0.287	0	0	0	0	0	0	0	0.287	1	0	
0.288	0	0	0	0	0	0	0	0.288	1	0	
0.289	0	0	0	0	0	0	0	0.289	1	0	
0.29	0	0	0	0	0	0	0	0.29	1	0	
0.291	0	0	0	0	0	0	0	0.291	1	0	
0.292	0	0	0	0	0	0	0	0.292	1	0	
0.293	0	0	0	0	0	0	0	0.293	1	0	
0.294	0	0	0	0	0	0	0	0.294	1	0	
0.295	0	0	0	0	0	0	0	0.295	1	0	
0.296	0	0	0	0	0	0	0	0.296	1	0	
0.297	0	0	0	0	0	0	0	0.297	1	0	
0.298	0	0	0	0	0	0	0	0.298	1	0	
0.299	0	0	0	0	0	0	0	0.299	1	0	
0.3	0	0	0	0	0	0	0	0.3	1	0	
0.301	0	0	0	0	0	0	0	0.301	1	0	
0.302	0	0	0	0	0	0	0	0.302	1	0	
0.303	0	0	0	0	0	0	0	0.303	1	0	
0.304	0	0	0	0	0	0	0	0.304	1	0	
0.305	0	0	0	0	0	0	0	0.305	1	0	
0.306	0	0	0	0	0	0	0	0.306	1	0	
0.307	0	0	0	0	0	0	0	0.307	1	0	
0.308	0	0	0	0	0	0	0	0.308	1	0	
0.309	0	0	0	0	0	0	0	0.309	1	0	
0.31	0	0	0	0	0	0	0	0.31	1	0	
0.311	0	0	0	0	0	0	0	0.311	1	0	
0.312	0	0	0	0	0	0	0	0.311999	1	0	
0.313	0	0	0	0	0	0	0	0.312999	1	0	
0.314	0	0	0	0	0	0	0	0.313999	1	0	
0.314999	0	0	0	0	0	0	0	0.314999	1	0	
0.315999	0	0	0	0	0	0	0	0.315999	1	0	
0.316999	0	0	0	0	0	0	0	0.316999	1	0	
0.317999	0	0	0	0	0	0	0	0.317999	1	0	
0.318999	0	0	0	0	0	0	0	0.318999	1	0	
0.319999	0	0	0	0	0	0	0	0.319999	1	0	
0.320999	0	0	0	0	0	0	0	0.320999	1	0	
0.321999	0	0	0	0	0	0	0	0.321999	1	0	
0.322999	0	0	0	0	0	0	0	0.322999	1	0	
0.323999	0	0	0	0	0	0	0	0.323999	1	0	
0.324999	0	0	0	0	0	0	0	0.324999	1	0	
0.325999	0	0	0	0	0	0	0	0.325999	1	0	
0.326999	0	0	0	0	0	0	0	0.326999	1	0	
0.327999	0	0	0	0	0	0	0	0.327999	1	0	
0.328999	0	0	0	0	0	0	0	0.328999	1	0	
0.329999	0	0	0	0	0	0	0	0.329999	1	0	
0.330999	0	0	0	0	0	0	0	0.330999	1	0	
0.331999	0	0	0	0	0	0	0	0.331999	1	0	
0.332999	0	0	0	0	0	0	0	0.332999	1	0	
0.333999	0	0	0	0	0	0	0	0.333999	1	0	
0.334999	0	0	0	0	0	0	0	0.334999	1	0	
0.335999	0	0	0	0	0	0	0	0.335999	1	0	
0.336999	0	0	0	0	0	0	0	0.336999	1	0	
0.337999	0	0	0	0	0	0	0	0.337999	1	0	
0.338999	0	0	0	0	0	0	0	0.338999	1	0	
0.339999	0	0	0	0	0	0	0	0.339999	1	0	
0.340999	0	0	0	0	0	0	0	0.340999	1	0	
0.341999	0	0	0	0	0	0	0	0.341999	1	0	
0.342999	0	0	0	0	0	0	0	0.342999	1	0	
0.343999	0	0	0	0	0	0	0	0.343999	1	0	
0.344999	0	0	0	0	0	0	0	0.344999	1	0	
0.345999	0	0	0	0	0	0	0	0.345999	1	0	
0.346999	0	0	0	0	0	0	0	0.346999	1	0	
0.347999	0	0	0	0	0	0	0	0.347999	1	0	
0.348999	0	0	0	0	0	0	0	0.348999	1	0	
0.349999	0	0	0	0	0	0	0	0.349999	1	0	
0.350999	0	0	0	0	0	0	0	0.350999	1	0	
0.351999	0	0	0	0	0	0	0	0.351999	1	0	
0.352999	0	0	0	0	0	0	0	0.352999	1	0	
0.353999	0	0	0	0	0	0	0	0.353999	1	0	
0.354999	0	0	0	0	0	0	0	0.354999	1	0	
0.355999	0	0	0	0	0	0	0	0.355999	1	0	
0.356999	0	0	0	0	0	0	0	0.356999	1	0	
0.357999	0	0	0	0	0	0	0	0.357999	1	0	
0.358999	0	0	0	0	0	0	0	0.358999	1	0	
0.359999	0	0	0	0	0	0	0	0.359999	1	0	
0.360999	0	0	0	0	0	0	0	0.360999	1	0	
0.361999	0	0	0	0	0	0	0	0.361999	1	0	
0.362999	0	0	0	0	0	0	0	0.362999	1	0	
0.363999	0	0	0	0	0	0	0	0.363999	1	0	
0.364999	0	0	0	0	0	0	0	0.364999	1	0	
0.365999	0	0	0	0	0	0	0	0.365999	1	0	
0.366999	0	0	0	0	0	0	0	0.366999	1	0	
0.367999	0	0	0	0	0	0	0	0.367999	1	0	
0.368999	0	0	0	0	0	0	0	0.368999	1	0	
0.369999	0	0	0	0	0	0	0	0.369999	1	0	
0.370999	0	0	0	0	0	0	0	0.370999	1	0	
0.371999	0	0	0	0	0	0	0	0.371999	1	0	
0.372999	0	0	0	0	0	0	0	0.372999	1	0	
0.373999	0	0	0	0	0	0	0	0.373999	1	0	
0.374999	0	0	0	0	0	0	0	0.374999	1	0	
0.375999	0	0	0	0	0	0	0	0.375999	1	0	
0.376999	0	0	0	0	0	0	0	0.376999	1	0	
0.377999	0	0	0	0	0	0	0	0.377999	1	0	
0.378999	0	0	0	0	0	0	0	0.378999	1	0	
0.379999	0	0	0	0	0	0	0	0.379999	1	0	
0.380999	0	0	0	0	0	0	0	0.380999	1	0	
0.381999	0	0	0	0	0	0	0	0.381999	1	0	
0.382999	0	0	0	0	0	0	0	0.382999	1	0	
0.383999	0	0	0	0	0	0	0	0.383999	1	0	
0.384999	0	0	0	0	0	0	0	0.384999	1	0	
0.385999	0	0	0	0	0	0	0	0.385999	1	0	
0.386999	0	0	0	0	0	0	0	0.386999	1	0	
0.387999	0	0	0	0	0	0	0	0.387999	1	0	
0.388999	0	0	0	0	0	0	0	0.388999	1	0	
0.389999	0	0	0	0	0	0	0	0.389999	1	0	
0.390999	0	0	0	0	0	0	0	0.390999	1	0	
0.391998	0	0	0	0	0	0	0	0.391999	1	0	
0.392998	0	0	0	0	0	0	0	0.392999	1	0	
0.393998	0	0	0	0	0	0	0	0.393999	1	0	
0.394998	0	0	0	0	0	0	0	0.394998	1	0	
0.395998	0	0	0	0	0	0	0	0.395998	1	0	
0.396998	0	0	0	0	0	0	0	0.396998	1	0	
0.397998	0	0	0	0	0	0	0	0.397998	1	0	
0.398998	0	0	0	0	0	0	0	0.398998	1	0	
0.399998	0	0	0	0	0	0	0	0.399998	1	0	
0.400998	0	0	0	0	0	0	0	0.400998	1	0	
0.401998	0	0	0	0	0	0	0	0.401998	1	0	
0.402998	0	0	0	0	0	0	0	0.402998	1	0	
0.403998	0	0	0	0	0	0	0	0.403998	1	0	
0.404998	0	0	0	0	0	0	0	0.404998	1	0	
0.405998	0	0	0	0	0	0	0	0.405998	1	0	
0.406998	0	0	0	0	0	0	0	0.406998	1	0	
0.407998	0	0	0	0	0	0	0	0.407998	1	0	
0.408998	0	0	0	0	0	0	0	0.408998	1	0	
0.409998	0	0	0	0	0	0	0	0.409998	1	0	
0.410998	0	0	0	0	0	0	0	0.410998	1	0	
0.411998	0	0	0	0	0	0	0	0.411998	1	0	
0.412998	0	0	0	0	0	0	0	0.412998	1	0	
0.413998	0	0	0	0	0	0	0	0.413998	1	0	
0.414998	0	0	0	0	0	0	0	0.414998	1	0	
0.415998	0	0	0	0	0	0	0	0.415998	1	0	
0.416998	0	0	0	0	0	0	0	0.416998	1	0	
0.417998	0	0	0	0	0	0	0	0.417998	1	0	
0.418998	0	0	0	0	0	0	0	0.418998	1	0	
0.419998	0	0	0	0	0	0	0	0.419998	1	0	
0.420998	0	0	0	0	0	0	0	0.420998	1	0	
0.421998	0	0	0	0	0	0	0	0.421998	1	0	
0.422998	0	0	0	0	0	0	0	0.422998	1	0	
0.423998	0	0	0	0	0	0	0	0.423998	1	0	
0.424998	0	0	0	0	0	0	0	0.424998	1	0	
0.425998	0	0	0	0	0	0	0	0.425998	1	0	
0.426998	0	0	0	0	0	0	0	0.426998	1	0	
0.427998	0	0	0	0	0	0	0	0.427998	1	0	
0.428998	0	0	0	0	0	0	0	0.428998	1	0	
0.429998	0	0	0	0	0	0	0	0.429998	1	0	
0.430998	0	0	0	0	0	0	0	0.430998	1	0	
0.431998	0	0	0	0	0	0	0	0.431998	1	0	
0.432998	0	0	0	0	0	0	0	0.432998	1	0	
0.433998	0	0	0	0	0	0	0	0.433998	1	0	
0.434998	0	0	0	0	0	0	0	0.434998	1	0	
0.435998	0	0	0	0	0	0	0	0.435998	1	0	
0.436998	0	0	0	0	0	0	0	0.436998	1	0	
0.437998	0	0	0	0	0	0	0	0.437998	1	0	
0.438998	0	0	0	0	0	0	0	0.438998	1	0	
0.439998	0	0	0	0	0	0	0	0.439998	1	0	
0.440998	0	0	0	0	0	0	0	0.440998	1	0	
0.441998	0	0	0	0	0	0	0	0.441998	1	0	
0.442998	0	0	0	0	0	0	0	0.442998	1	0	
0.443998	0	0	0	0	0	0	0	0.443998	1	0	
0.444998	0	0	0	0	0	0	0	0.444998	1	0	
0.445998	0	0	0	0	0	0	0	0.445998	1	0	
0.446998	0	0	0	0	0	0	0	0.446998	1	0	
0.447998	0	0	0	0	0	0	0	0.447998	1	0	
0.448998	0	0	0	0	0	0	0	0.448998	1	0	
0.449998	0	0	0	0	0	0	0	0.449998	1	0	
0.450998	0	0	0	0	0	0	0	0.450998	1	0	
0.451998	0	0	0	0	0	0	0	0.451998	1	0	
0.452998	0	0	0	0	0	0	0	0.452998	1	0	
0.453998	0	0	0	0	0	0	0	0.453998	1	0	
0.454998	0	0	0	0	0	0	0	0.454998	1	0	
0.455998	0	0	0	0	0	0	0	0.455998	1	0	
0.456998	0	0	0	0	0	0	0	0.456998	1	0	
0.457998	0	0	0	0	0	0	0	0.457998	1	0	
0.458998	0	0	0	0	0	0	0	0.458998	1	0	
0.459998	0	0	0	0	0	0	0	0.459998	1	0	
0.460998	0	0	0	0	0	0	0	0.460998	1	0	
0.461998	0	0	0	0	0	0	0	0.461998	1	0	
0.462998	0	0	0	0	0	0	0	0.462998	1	0	
0.463998	0	0	0	0	0	0	0	0.463998	1	0	
0.464998	0	0	0	0	0	0	0	0.464998	1	0	
0.465998	0	0	0	0	0	0	0	0.465998	1	0	
0.466998	0	0	0	0	0	0	0	0.466998	1	0	
0.467998	0	0	0	0	0	0	0	0.467998	1	0	
0.468998	0	0	0	0	0	0	0	0.468998	1	0	
0.469997	0	0	0	0	0	0	0	0.469998	1	0	
0.470997	0	0	0	0	0	0	0	0.470998	1	0	
0.471997	0	0	0	0	0	0	0	0.471997	1	0	
0.472997	0	0	0	0	0	0	0	0.472997	1	0	
0.473997	0	0	0	0	0	0	0	0.473997	1	0	
0.474997	0	0	0	0	0	0	0	0.474997	1	0	
0.475997	0	0	0	0	0	0	0	0.475997	1	0	
0.476997	0	0	0	0	0	0	0	0.476997	1	0	
0.477997	0	0	0	0	0	0	0	0.477997	1	0	
0.478997	0	0	0	0	0	0	0	0.478997	1	0	
0.479997	0	0	0	0	0	0	0	0.479997	1	0	
0.480997	0	0	0	0	0	0	0	0.480997	1	0	
0.481997	0	0	0	0	0	0	0	0.481997	1	0	
0.482997	0	0	0	0	0	0	0	0.482997	1	0	
0.483997	0	0	0	0	0	0	0	0.483997	1	0	
0.484997	0	0	0	0	0	0	0	0.484997	1	0	
0.485997	0	0	0	0	0	0	0	0.485997	1	0	
0.486997	0	0	0	0	0	0	0	0.486997	1	0	
0.487997	0	0	0	0	0	0	0	0.487997	1	0	
0.488997	0	0	0	0	0	0	0	0.488997	1	0	
0.489997	0	0	0	0	0	0	0	0.489997	1	0	
0.490997	0	0	0	0	0	0	0	0.490997	1	0	
0.491997	0	0	0	0	0	0	0	0.491997	1	0	
0.492997	0	0	0	0	0	0	0	0.492997	1	0	
0.493997	0	0	0	0	0	0	0	0.493997	1	0	
0.494997	0	0	0	0	0	0	0	0.494997	1	0	
0.495997	0	0	0	0	0	0	0	0.495997	1	0	
0.496997	0	0	0	0	0	0	0	0.496997	1	0	
0.497997	0	0	0	0	0	0	0	0.497997	1	0	
0.498997	0	0	0	0	0	0	0	0.498997	1	0	
0.499997	0	0	0	0	0	0	0	0.499997	1	0	
0.500997	0	0	0	0	0	0	0	0.500997	1	0	
0.501997	0	0	0	0	0	0	0	0.501997	1	0	
0.502997	0	0	0	0	0	0	0	0.502997	1	0	
0.503997	0	0	0	0	0	0	0	0.503997	1	0	
0.504997	0	0	0	0	0	0	0	0.504997	1	0	
0.505997	0	0	0	0	0	0	0	0.505997	1	0	
0.506997	0	0	0	0	0	0	0	0.506997	1	0	
0.507997	0	0	0	0	0	0	0	0.507997	1	0	
0.508997	0	0	0	0	0	0	0	0.508997	1	0	
0.509997	0	0	0	0	0	0	0	0.509997	1	0	
0.510997	0	0	0	0	0	0	0	0.510997	1	0	
0.511997	0	0	0	0	0	0	0	0.511997	1	0	
0.512997	0	0	0	0	0	0	0	0.512997	1	0	
0.513997	0	0	0	0	0	0	0	0.513997	1	0	
0.514997	0	0	0	0	0	0	0	0.514997	1	0	
0.515997	0	0	0	0	0	0	0	0.515997	1	0	
0.516997	0	0	0	0	0	0	0	0.516997	1	0	
0.517997	0	0	0	0	0	0	0	0.517997	1	0	
0.518997	0	0	0	0	0	0	0	0.518997	1	0	
0.519997	0	0	0	0	0	0	0	0.519997	1	0	
0.520997	0	0	0	0	0	0	0	0.520997	1	0	
0.521997	0	0	0	0	0	0	0	0.521997	1	0	
0.522997	0	0	0	0	0	0	0	0.522997	1	0	
0.523997	0	0	0	0	0	0	0	0.523997	1	0	
0.524997	0	0	0	0	0	0	0	0.524997	1	0	
0.525997	0	0	0	0	0	0	0	0.525997	1	0	
0.526997	0	0	0	0	0	0	0	0.526997	1	0	
0.527997	0	0	0	0	0	0	0	0.527997	1	0	
0.528997	0	0	0	0	0	0	0	0.528997	1	0	
0.529997	0	0	0	0	0	0	0	0.529997	1	0	
0.530997	0	0	0	0	0	0	0	0.530997	1	0	
0.531997	0	0	0	0	0	0	0	0.531997	1	0	
0.532997	0	0	0	0	0	0	0	0.532997	1	0	
0.533997	0	0	0	0	0	0	0	0.533997	1	0	
0.534997	0	0	0	0	0	0	0	0.534997	1	0	
0.535997	0	0	0	0	0	0	0	0.535996	1	0	
0.536997	0	0	0	0	0	0	0	0.536996	1	0	
0.537997	0	0	0	0	0	0	0	0.537996	1	0	
0.538997	0	0	0	0	0	0	0	0.538996	1	0	
0.539997	0	0	0	0	0	0	0	0.539996	1	0	
0.540997	0	0	0	0	0	0	0	0.540996	1	0	
0.541997	0	0	0	0	0	0	0	0.541996	1	0	
0.542997	0	0	0	0	0	0	0	0.542996	1	0	
0.543997	0	0	0	0	0	0	0	0.543996	1	0	
0.544997	0	0	0	0	0	0	0	0.544996	1	0	
0.545997	0	0	0	0	0	0	0	0.545996	1	0	
0.546997	0	0	0	0	0	0	0	0.546996	1	0	
0.547997	0	0	0	0	0	0	0	0.547996	1	0	
0.548997	0	0	0	0	0	0	0	0.548996	1	0	
0.549996	0	0	0	0	0	0	0	0.549996	1	0	
0.550996	0	0	0	0	0	0	0	0.550996	1	0	
0.551996	0	0	0	0	0	0	0	0.551996	1	0	
0.552996	0	0	0	0	0	0	0	0.552996	1	0	
0.553996	0	0	0	0	0	0	0	0.553996	1	0	
0.554996	0	0	0	0	0	0	0	0.554996	1	0	
0.555996	0	0	0	0	0	0	0	0.555996	1	0	
0.556996	0	0	0	0	0	0	0	0.556996	1	0	
0.557996	0	0	0	0	0	0	0	0.557996	1	0	
0.558996	0	0	0	0	0	0	0	0.558996	1	0	
0.559996	0	0	0	0	0	0	0	0.559996	1	0	
0.560996	0	0	0	0	0	0	0	0.560996	1	0	
0.561996	0	0	0	0	0	0	0	0.561996	1	0	
0.562996	0	0	0	0	0	0	0	0.562996	1	0	
0.563996	0	0	0	0	0	0	0	0.563996	1	0	
0.564996	0	0	0	0	0	0	0	0.564996	1	0	
0.565996	0	0	0	0	0	0	0	0.565996	1	0	
0.566996	0	0	0	0	0	0	0	0.566996	1	0	
0.567996	0	0	0	0	0	0	0	0.567996	1	0	
0.568996	0	0	0	0	0	0	0	0.568996	1	0	
0.569996	0	0	0	0	0	0	0	0.569996	1	0	
0.570996	0	0	0	0	0	0	0	0.570996	1	0	
0.571996	0	0	0	0	0	0	0	0.571996	1	0	
0.572996	0	0	0	0	0	0	0	0.572996	1	0	
0.573996	0	0	0	0	0	0	0	0.573996	1	0	
0.574996	0	0	0	0	0	0	0	0.574996	1	0	
0.575996	0	0	0	0	0	0	0	0.575996	1	0	
0.576996	0	0	0	0	0	0	0	0.576996	1	0	
0.577996	0	0	0	0	0	0	0	0.577996	1	0	
0.578996	0	0	0	0	0	0	0	0.578996	1	0	
0.579996	0	0	0	0	0	0	0	0.579996	1	0	
0.580996	0	0	0	0	0	0	0	0.580996	1	0	
0.581996	0	0	0	0	0	0	0	0.581996	1	0	
0.582996	0	0	0	0	0	0	0	0.582996	1	0	
0.583996	0	0	0	0	0	0	0	0.583996	1	0	
0.584996	0	0	0	0	0	0	0	0.584996	1	0	
0.585996	0	0	0	0	0	0	0	0.585996	1	0	
0.586996	0	0	0	0	0	0	0	0.586996	1	0	
0.587996	0	0	0	0	0	0	0	0.587996	1	0	
0.588996	0	0	0	0	0	0	0	0.588996	1	0	
0.589996	0	0	0	0	0	0	0	0.589996	1	0	
0.590996	0	0	0	0	0	0	0	0.590996	1	0	
0.591996	0	0	0	0	0	0	0	0.591996	1	0	
0.592996	0	0	0	0	0	0	0	0.592996	1	0	
0.593996	0	0	0	0	0	0	0	0.593996	1	0	
0.594996	0	0	0	0	0	0	0	0.594996	1	0	
0.595996	0	0	0	0	0	0	0	0.595996	1	0	
0.596996	0	0	0	0	0	0	0	0.596996	1	0	
0.597996	0	0	0	0	0	0	0	0.597996	1	0	
0.598996	0	0	0	0	0	0	0	0.598996	1	0	
0.599996	0	0	0	0	0	0	0	0.599996	1	0	
0.600996	0	0	0	0	0	0	0	0.600996	1	0	
0.601996	0	0	0	0	0	0	0	0.601996	1	0	
0.602996	0	0	0	0	0	0	0	0.602996	1	0	
0.603996	0	0	0	0	0	0	0	0.603996	1	0	
0.604996	0	0	0	0	0	0	0	0.604996	1	0	
0.605996	0	0	0	0	0	0	0	0.605996	1	0	
0.606996	0	0	0	0	0	0	0	0.606996	1	0	
0.607996	0	0	0	0	0	0	0	0.607996	1	0	
0.608996	0	0	0	0	0	0	0	0.608995	1	0	
0.609996	0	0	0	0	0	0	0	0.609995	1	0	
0.610996	0	0	0	0	0	0	0	0.610995	1	0	
0.611996	0	0	0	0	0	0	0	0.611995	1	0	
0.612996	0	0	0	0	0	0	0	0.612996	1	0	
0.613996	0	0	0	0	0	0	0	0.613995	1	0	
0.614996	0	0	0	0	0	0	0	0.614995	1	0	
0.615996	0	0	0	0	0	0	0	0.615995	1	0	
0.616996	0	0	0	0	0	0	0	0.616995	1	0	
0.617996	0	0	0	0	0	0	0	0.617995	1	0	
0.618996	0	0	0	0	0	0	0	0.618995	1	0	
0.619996	0	0	0	0	0	0	0	0.619995	1	0	
0.620996	0	0	0	0	0	0	0	0.620995	1	0	
0.621996	0	0	0	0	0	0	0	0.621995	1	0	
0.622996	0	0	0	0	0	0	0	0.622995	1	0	
0.623996	0	0	0	0	0	0	0	0.623995	1	0	
0.624996	0	0	0	0	0	0	0	0.624995	1	0	
0.625996	0	0	0	0	0	0	0	0.625995	1	0	
0.626996	0	0	0	0	0	0	0	0.626995	1	0	
0.627995	0	0	0	0	0	0	0	0.627995	1	0	
0.628995	0	0	0	0	0	0	0	0.628995	1	0	
0.629995	0	0	0	0	0	0	0	0.629995	1	0	
0.630995	0	0	0	0	0	0	0	0.630995	1	0	
0.631995	0	0	0	0	0	0	0	0.631995	1	0	
0.632995	0	0	0	0	0	0	0	0.632995	1	0	
0.633995	0	0	0	0	0	0	0	0.633995	1	0	
0.634995	0	0	0	0	0	0	0	0.634995	1	0	
0.635995	0	0	0	0	0	0	0	0.635995	1	0	
0.636995	0	0	0	0	0	0	0	0.636995	1	0	
0.637995	0	0	0	0	0	0	0	0.637995	1	0	
0.638995	0	0	0	0	0	0	0	0.638995	1	0	
0.639995	0	0	0	0	0	0	0	0.639995	1	0	
0.640995	0	0	0	0	0	0	0	0.640995	1	0	
0.641995	0	0	0	0	0	0	0	0.641995	1	0	
0.642995	0	0	0	0	0	0	0	0.642995	1	0	
0.643995	0	0	0	0	0	0	0	0.643995	1	0	
0.644995	0	0	0	0	0	0	0	0.644995	1	0	
0.645995	0	0	0	0	0	0	0	0.645995	1	0	
0.646995	0	0	0	0	0	0	0	0.646995	1	0	
0.647995	0	0	0	0	0	0	0	0.647995	1	0	
0.648995	0	0	0	0	0	0	0	0.648995	1	0	
0.649995	0	0	0	0	0	0	0	0.649995	1	0	
0.650995	0	0	0	0	0	0	0	0.650995	1	0	
0.651995	0	0	0	0	0	0	0	0.651995	1	0	
0.652995	0	0	0	0	0	0	0	0.652995	1	0	
0.653995	0	0	0	0	0	0	0	0.653995	1	0	
0.654995	0	0	0	0	0	0	0	0.654995	1	0	
0.655995	0	0	0	0	0	0	0	0.655995	1	0	
0.656995	0	0	0	0	0	0	0	0.656995	1	0	
0.657995	0	0	0	0	0	0	0	0.657995	1	0	
0.658995	0	0	0	0	0	0	0	0.658995	1	0	
0.659995	0	0	0	0	0	0	0	0.659995	1	0	
0.660995	0	0	0	0	0	0	0	0.660995	1	0	
0.661995	0	0	0	0	0	0	0	0.661995	1	0	
0.662995	0	0	0	0	0	0	0	0.662995	1	0	
0.663995	0	0	0	0	0	0	0	0.663995	1	0	
0.664995	0	0	0	0	0	0	0	0.664995	1	0	
0.665995	0	0	0	0	0	0	0	0.665995	1	0	
0.666995	0	0	0	0	0	0	0	0.666995	1	0	
0.667995	0	0	0	0	0	0	0	0.667995	1	0	
0.668995	0	0	0	0	0	0	0	0.668995	1	0	
0.669995	0	0	0	0	0	0	0	0.669995	1	0	
0.670995	0	0	0	0	0	0	0	0.670995	1	0	
0.671995	0	0	0	0	0	0	0	0.671995	1	0	
0.672995	0	0	0	0	0	0	0	0.672995	1	0	
0.673995	0	0	0	0	0	0	0	0.673995	1	0	
0.674995	0	0	0	0	0	0	0	0.674995	1	0	
0.675995	0	0	0	0	0	0	0	0.675995	1	0	
0.676995	0	0	0	0	0	0	0	0.676995	1	0	
0.677995	0	0	0	0	0	0	0	0.677995	1	0	
0.678995	0	0	0	0	0	0	0	0.678995	1	0	
0.679995	0	0	0	0	0	0	0	0.679995	1	0	
0.680995	0	0	0	0	0	0	0	0.680995	1	0	
0.681995	0	0	0	0	0	0	0	0.681995	1	0	
0.682995	0	0	0	0	0	0	0	0.682995	1	0	
0.683995	0	0	0	0	0	0	0	0.683995	1	0	
0.684995	0	0	0	0	0	0	0	0.684995	1	0	
0.685995	0	0	0	0	0	0	0	0.685995	1	0	
0.686995	0	0	0	0	0	0	0	0.686995	1	0	
0.687995	0	0	0	0	0	0	0	0.687995	1	0	
0.688995	0	0	0	0	0	0	0	0.688995	1	0	
0.689995	0	0	0	0	0	0	0	0.689995	1	0	
0.690995	0	0	0	0	0	0	0	0.690995	1	0	
0.691995	0	0	0	0	0	0	0	0.691995	1	0	
0.692995	0	0	0	0	0	0	0	0.692995	1	0	
0.693995	0	0	0	0	0	0	0	0.693995	1	0	
0.694995	0	0	0	0	0	0	0	0.694995	1	0	
0.695995	0	0	0	0	0	0	0	0.695995	1	0	
0.696995	0	0	0	0	0	0	0	0.696995	1	0	
0.697995	0	0	0	0	0	0	0	0.697995	1	0	
0.698995	0	0	0	0	0	0	0	0.698995	1	0	
0.699995	0	0	0	0	0	0	0	0.699995	1	0	
0.700995	0	0	0	0	0	0	0	0.700994	1	0	
0.701995	0	0	0	0	0	0	0	0.701994	1	0	
0.702995	0	0	0	0	0	0	0	0.702994	1	0	
0.703995	0	0	0	0	0	0	0	0.703994	1	0	
0.704994	0	0	0	0	0	0	0	0.704994	1	0	
0.705994	0	0	0	0	0	0	0	0.705994	1	0	
0.706994	0	0	0	0	0	0	0	0.706994	1	0	
0.707994	0	0	0	0	0	0	0	0.707994	1	0	
0.708994	0	0	0	0	0	0	0	0.708994	1	0	
0.709994	0	0	0	0	0	0	0	0.709994	1	0	
0.710994	0	0	0	0	0	0	0	0.710994	1	0	
0.711994	0	0	0	0	0	0	0	0.711994	1	0	
0.712994	0	0	0	0	0	0	0	0.712994	1	0	
0.713994	0	0	0	0	0	0	0	0.713994	1	0	
0.714994	0	0	0	0	0	0	0	0.714994	1	0	
0.715994	0	0	0	0	0	0	0	0.715994	1	0	
0.716994	0	0	0	0	0	0	0	0.716994	1	0	
0.717994	0	0	0	0	0	0	0	0.717994	1	0	
0.718994	0	0	0	0	0	0	0	0.718994	1	0	
0.719994	0	0	0	0	0	0	0	0.719994	1	0	
0.720994	0	0	0	0	0	0	0	0.720994	1	0	
0.721994	0	0	0	0	0	0	0	0.721994	1	0	
0.722994	0	0	0	0	0	0	0	0.722994	1	0	
0.723994	0	0	0	0	0	0	0	0.723994	1	0	
0.724994	0	0	0	0	0	0	0	0.724994	1	0	
0.725994	0	0	0	0	0	0	0	0.725994	1	0	
0.726994	0	0	0	0	0	0	0	0.726994	1	0	
0.727994	0	0	0	0	0	0	0	0.727994	1	0	
0.728994	0	0	0	0	0	0	0	0.728994	1	0	
0.729994	0	0	0	0	0	0	0	0.729994	1	0	
0.730994	0	0	0	0	0	0	0	0.730994	1	0	
0.731994	0	0	0	0	0	0	0	0.731994	1	0	
0.732994	0	0	0	0	0	0	0	0.732994	1	0	
0.733994	0	0	0	0	0	0	0	0.733994	1	0	
0.734994	0	0	0	0	0	0	0	0.734994	1	0	
0.735994	0	0	0	0	0	0	0	0.735994	1	0	
0.736994	0	0	0	0	0	0	0	0.736994	1	0	
0.737994	0	0	0	0	0	0	0	0.737994	1	0	
0.738994	0	0	0	0	0	0	0	0.738994	1	0	
0.739994	0	0	0	0	0	0	0	0.739994	1	0	
0.740994	0	0	0	0	0	0	0	0.740994	1	0	
0.741994	0	0	0	0	0	0	0	0.741994	1	0	
0.742994	0	0	0	0	0	0	0	0.742994	1	0	
0.743994	0	0	0	0	0	0	0	0.743994	1	0	
0.744994	0	0	0	0	0	0	0	0.744994	1	0	
0.745994	0	0	0	0	0	0	0	0.745994	1	0	
0.746994	0	0	0	0	0	0	0	0.746994	1	0	
0.747994	0	0	0	0	0	0	0	0.747994	1	0	
0.748994	0	0	0	0	0	0	0	0.748994	1	0	
0.749994	0	0	0	0	0	0	0	0.749994	1	0	
0.750994	0	0	0	0	0	0	0	0.750994	1	0	
0.751994	0	0	0	0	0	0	0	0.751994	1	0	
0.752994	0	0	0	0	0	0	0	0.752994	1	0	
0.753994	0	0	0	0	0	0	0	0.753994	1	0	
0.754994	0	0	0	0	0	0	0	0.754994	1	0	
0.755994	0	0	0	0	0	0	0	0.755994	1	0	
0.756994	0	0	0	0	0	0	0	0.756994	1	0	
0.757994	0	0	0	0	0	0	0	0.757994	1	0	
0.758994	0	0	0	0	0	0	0	0.758994	1	0	
0.759994	0	0	0	0	0	0	0	0.759994	1	0	
0.760994	0	0	0	0	0	0	0	0.760994	1	0	
0.761994	0	0	0	0	0	0	0	0.761994	1	0	
0.762994	0	0	0	0	0	0	0	0.762994	1	0	
0.763994	0	0	0	0	0	0	0	0.763994	1	0	
0.764994	0	0	0	0	0	0	0	0.764994	1	0	
0.765994	0	0	0	0	0	0	0	0.765994	1	0	
0.766994	0	0	0	0	0	0	0	0.766994	1	0	
0.767994	0	0	0	0	0	0	0	0.767994	1	0	
0.768994	0	0	0	0	0	0	0	0.768994	1	0	
0.769994	0	0	0	0	0	0	0	0.769994	1	0	
0.770994	0	0	0	0	0	0	0	0.770994	1	0	
0.771994	0	0	0	0	0	0	0	0.771994	1	0	
0.772994	0	0	0	0	0	0	0	0.772994	1	0	
0.773994	0	0	0	0	0	0	0	0.773994	1	0	
0.774994	0	0	0	0	0	0	0	0.774994	1	0	
0.775994	0	0	0	0	0	0	0	0.775994	1	0	
0.776994	0	0	0	0	0	0	0	0.776994	1	0	
0.777994	0	0	0	0	0	0	0	0.777994	1	0	
0.778994	0	0	0	0	0	0	0	0.778993	1	0	
0.779994	0	0	0	0	0	0	0	0.779993	1	0	
0.780994	0	0	0	0	0	0	0	0.780993	1	0	
0.781994	0	0	0	0	0	0	0	0.781993	1	0	
0.782993	0	0	0	0	0	0	0	0.782993	1	0	
0.783993	0	0	0	0	0	0	0	0.783993	1	0	
0.784993	0	0	0	0	0	0	0	0.784993	1	0	
0.785993	0	0	0	0	0	0	0	0.785993	1	0	
0.786993	0	0	0	0	0	0	0	0.786993	1	0	
0.787993	0	0	0	0	0	0	0	0.787993	1	0	
0.788993	0	0	0	0	0	0	0	0.788993	1	0	
0.789993	0	0	0	0	0	0	0	0.789993	1	0	
0.790993	0	0	0	0	0	0	0	0.790993	1	0	
0.791993	0	0	0	0	0	0	0	0.791993	1	0	
0.792993	0	0	0	0	0	0	0	0.792993	1	0	
0.793993	0	0	0	0	0	0	0	0.793993	1	0	
0.794993	0	0	0	0	0	0	0	0.794993	1	0	
0.795993	0	0	0	0	0	0	0	0.795993	1	0	
0.796993	0	0	0	0	0	0	0	0.796993	1	0	
0.797993	0	0	0	0	0	0	0	0.797993	1	0	
0.798993	0	0	0	0	0	0	0	0.798993	1	0	
0.799993	0	0	0	0	0	0	0	0.799993	1	0	
0.800993	0	0	0	0	0	0	0	0.800993	1	0	
0.801993	0	0	0	0	0	0	0	0.801993	1	0	
0.802993	0	0	0	0	0	0	0	0.802993	1	0	
0.803993	0	0	0	0	0	0	0	0.803993	1	0	
0.804993	0	0	0	0	0	0	0	0.804993	1	0	
0.805993	0	0	0	0	0	0	0	0.805993	1	0	
0.806993	0	0	0	0	0	0	0	0.806993	1	0	
0.807993	0	0	0	0	0	0	0	0.807993	1	0	
0.808993	0	0	0	0	0	0	0	0.808993	1	0	
0.809993	0	0	0	0	0	0	0	0.809993	1	0	
0.810993	0	0	0	0	0	0	0	0.810993	1	0	
0.811993	0	0	0	0	0	0	0	0.811993	1	0	
0.812993	0	0	0	0	0	0	0	0.812993	1	0	
0.813993	0	0	0	0	0	0	0	0.813993	1	0	
0.814993	0	0	0	0	0	0	0	0.814993	1	0	
0.815993	0	0	0	0	0	0	0	0.815993	1	0	
0.816993	0	0	0	0	0	0	0	0.816993	1	0	
0.817993	0	0	0	0	0	0	0	0.817993	1	0	
0.818993	0	0	0	0	0	0	0	0.818993	1	0	
0.819993	0	0	0	0	0	0	0	0.819993	1	0	
0.820993	0	0	0	0	0	0	0	0.820993	1	0	
0.821993	0	0	0	0	0	0	0	0.821993	1	0	
0.822993	0	0	0	0	0	0	0	0.822993	1	0	
0.823993	0	0	0	0	0	0	0	0.823993	1	0	
0.824993	0	0	0	0	0	0	0	0.824993	1	0	
0.825993	0	0	0	0	0	0	0	0.825993	1	0	
0.826993	0	0	0	0	0	0	0	0.826993	1	0	
0.827993	0	0	0	0	0	0	0	0.827993	1	0	
0.828993	0	0	0	0	0	0	0	0.828993	1	0	
0.829993	0	0	0	0	0	0	0	0.829993	1	0	
0.830993	0	0	0	0	0	0	0	0.830993	1	0	
0.831993	0	0	0	0	0	0	0	0.831993	1	0	
0.832993	0	0	0	0	0	0	0	0.832993	1	0	
0.833993	0	0	0	0	0	0	0	0.833993	1	0	
